<environment>
<kinbody>

<body id="0" name="humansit-0.0">
<iscollada val="1"/>
<colladafile path="colladafiles/human_sit.obj">
<row>0.653997651228,0.756496577777,7.79625789414e-08,0.974033355713</row>
<row>-0.756496577777,0.653997651228,-2.09390693807e-07,-1.52172112465</row>
<row>-2.09390686795e-07,7.79625977751e-08,1.0,0.129627794027</row>
<row>0.0,0.0,0.0,1.0</row>
</colladafile>
<scale>0.001</scale>
</body>

<body id="1" name="humanstand-0.0">
<iscollada val="1"/>
<colladafile path="colladafiles/human_stand.obj">
<row>-0.671490840322,-0.74101285506,-8.83355760593e-08,1.9082981348</row>
<row>0.74101285506,-0.671490840322,-1.99257222183e-07,-2.57319116592</row>
<row>8.83356329027e-08,-1.99257196983e-07,1.0,0.1300008744</row>
<row>0.0,0.0,0.0,1.0</row>
</colladafile>
<scale>0.001</scale>
</body>

<body id="2" name="humanlean-1.0">
<iscollada val="1"/>
<colladafile path="colladafiles/human_lean.obj">
<row>-0.381664547644,-0.924300910457,-1.10185199555e-07,2.90623474121</row>
<row>0.924300910457,-0.381664547644,-1.64707166441e-07,-2.21845293045</row>
<row>1.10185199555e-07,-1.64707166441e-07,1.0,0.13000023365</row>
<row>0.0,0.0,0.0,1.0</row>
</colladafile>
<scale>0.001</scale>
</body>

<body id="3" name="humansit-1.0">
<iscollada val="1"/>
<colladafile path="colladafiles/human_sit.obj">
<row>-0.999844656303,-0.0176256421949,-2.10113692482e-09,-1.31032168865</row>
<row>0.0176256421949,-0.999844656303,-2.38400032297e-07,-0.125854879618</row>
<row>2.10114314207e-09,-2.38400032242e-07,1.0,0.261151522398</row>
<row>0.0,0.0,0.0,1.0</row>
</colladafile>
<scale>0.001</scale>
</body>


</kinbody>

</environment>